 112 113  12  15   7 712  93  44  55  55
 112  12 113  15   7 712  93  44  55  55
 112  12  15 113   7 712  93  44  55  55
 112  12  15   7 113 712  93  44  55  55
 112  12  15   7 113  93 712  44  55  55
 112  12  15   7 113  93  44 712  55  55
 112  12  15   7 113  93  44  55 712  55
 112  12  15   7 113  93  44  55  55 712
  12 112  15   7 113  93  44  55  55 712
  12  15 112   7 113  93  44  55  55 712
  12  15   7 112 113  93  44  55  55 712
  12  15   7 112  93 113  44  55  55 712
  12  15   7 112  93  44 113  55  55 712
  12  15   7 112  93  44  55 113  55 712
  12  15   7 112  93  44  55  55 113 712
  12   7  15 112  93  44  55  55 113 712
  12   7  15  93 112  44  55  55 113 712
  12   7  15  93  44 112  55  55 113 712
  12   7  15  93  44  55 112  55 113 712
  12   7  15  93  44  55  55 112 113 712
   7  12  15  93  44  55  55 112 113 712
   7  12  15  44  93  55  55 112 113 712
   7  12  15  44  55  93  55 112 113 712
   7  12  15  44  55  55  93 112 113 712