 112 113  12  15   7 712  93  44  55  55
 112 113  12  15  55 712  93  44  55   7
 112 113  12  55  55 712  93  44  15   7
 112 113 712  55  55  12  93  44  15   7
 712 113 112  55  55  12  93  44  15   7
   7 113 112  55  55  12  93  44  15 712
 113   7 112  55  55  12  93  44  15 712
 113  55 112   7  55  12  93  44  15 712
 113  55 112  44  55  12  93   7  15 712
  15  55 112  44  55  12  93   7 113 712
 112  55  15  44  55  12  93   7 113 712
 112  55  93  44  55  12  15   7 113 712
   7  55  93  44  55  12  15 112 113 712
  93  55   7  44  55  12  15 112 113 712
  93  55  15  44  55  12   7 112 113 712
   7  55  15  44  55  12  93 112 113 712
  55   7  15  44  55  12  93 112 113 712
  55  55  15  44   7  12  93 112 113 712
  12  55  15  44   7  55  93 112 113 712
  55  12  15  44   7  55  93 112 113 712
  55  44  15  12   7  55  93 112 113 712
   7  44  15  12  55  55  93 112 113 712
  44   7  15  12  55  55  93 112 113 712
  44  12  15   7  55  55  93 112 113 712
   7  12  15  44  55  55  93 112 113 712
  15  12   7  44  55  55  93 112 113 712
   7  12  15  44  55  55  93 112 113 712
  12   7  15  44  55  55  93 112 113 712
   7  12  15  44  55  55  93 112 113 712
   7  12  15  44  55  55  93 112 113 712
   7  12  15  44  55  55  93 112 113 712