112 113 12 15 7 712 93 44 55 55
112 113 12 15 7 712 93 44 55 55
112 113 113 15 7 712 93 44 55 55
112 112 113 15 7 712 93 44 55 55
12 112 113 15 7 712 93 44 55 55
12 112 113 113 7 712 93 44 55 55
12 112 112 113 7 712 93 44 55 55
12 15 112 113 7 712 93 44 55 55
12 15 112 113 113 712 93 44 55 55
12 15 112 112 113 712 93 44 55 55
12 15 15 112 113 712 93 44 55 55
12 12 15 112 113 712 93 44 55 55
7 12 15 112 113 712 93 44 55 55
7 12 15 112 113 712 93 44 55 55
7 12 15 112 113 712 712 44 55 55
7 12 15 112 113 113 712 44 55 55
7 12 15 112 112 113 712 44 55 55
7 12 15 93 112 113 712 44 55 55
7 12 15 93 112 113 712 712 55 55
7 12 15 93 112 113 113 712 55 55
7 12 15 93 112 112 113 712 55 55
7 12 15 93 93 112 113 712 55 55
7 12 15 44 93 112 113 712 55 55
7 12 15 44 93 112 113 712 712 55
7 12 15 44 93 112 113 113 712 55
7 12 15 44 93 112 112 113 712 55
7 12 15 44 93 93 112 113 712 55
7 12 15 44 55 93 112 113 712 55
7 12 15 44 55 93 112 113 712 712
7 12 15 44 55 93 112 113 113 712
7 12 15 44 55 93 112 112 113 712
7 12 15 44 55 93 93 112 113 712
7 12 15 44 55 55 93 112 113 712
7 12 15 44 55 55 93 112 113 712