112 113 12 15 7 712 93 44 55 55
12 113 112 15 7 712 93 44 55 55
7 113 112 15 12 712 93 44 55 55
7 112 113 15 12 712 93 44 55 55
7 15 113 112 12 712 93 44 55 55
7 12 113 112 15 712 93 44 55 55
7 12 112 113 15 712 93 44 55 55
7 12 15 113 112 712 93 44 55 55
7 12 15 112 113 712 93 44 55 55
7 12 15 93 113 712 112 44 55 55
7 12 15 44 113 712 112 93 55 55
7 12 15 44 112 712 113 93 55 55
7 12 15 44 93 712 113 112 55 55
7 12 15 44 55 712 113 112 93 55
7 12 15 44 55 113 712 112 93 55
7 12 15 44 55 112 712 113 93 55
7 12 15 44 55 93 712 113 112 55
7 12 15 44 55 55 712 113 112 93
7 12 15 44 55 55 113 712 112 93
7 12 15 44 55 55 112 712 113 93
7 12 15 44 55 55 93 712 113 112
7 12 15 44 55 55 93 113 712 112
7 12 15 44 55 55 93 112 712 113
7 12 15 44 55 55 93 112 113 712
7 12 15 44 55 55 93 112 113 712